<html>
<head>
<meta http-equiv="Content-Type" content="text/html; charset=UTF-8">
<title>BMVC 2013</title>


<style>
/* CSS */
body {
	margin: 0;
	padding: 0;
	font-family: arial;
	background-color: #FCFAF1;
}
.as {
	font-size: 12px;
	color: #900;
}
.ts {
	font-weight: bold;
	font-size: 14px;
}
.tt {
	color: #009;
	font-size: 13px;
}
.keywords {
	font-size: 12px;
	color: #0000A0;
}
h1 {
	font-size: 24px;
	padding: 0;
	margin: 0;
}
h2 {
	font-size: 20px;
	padding: 0;
	margin: 0;
}

img {
	max-width: 100%;
}
#titleHeader {
	width: 100%;
	background-color: #C05F24;
	color: white;
	padding-top: 5px;
	padding-bottom: 5px;
	border-bottom: 1px solid #543030;
}

#titdiv {
	width: 100%;
	background-color: #C0C0C0;
	color: white;
	text-align: left;
	padding-top: 5px;
	padding-bottom: 5px;
	border-bottom: 1px solid #540000;
}

.right {
	text-align:right;
	padding-right: 5%;	
}

#maindiv {
	width: 970px;
	padding: 15px;
	margin-left: auto;
	margin-right: auto;
	border-left: solid 1px #D6D3C5;
	border-right: solid 1px #D6D3C5;
	background-color: white;
}

.apaper {
	margin-top: 25px;
	padding: 5px;
	/*min-height: 300px;*/
	min-height: 50px;
	border:1px solid;
	border-radius:10px;	
	border-color:#444444;	
}

.paperdesc {
	float: left;
}

.dllinks {
	float: right;
	text-align: right;
}

ul.simpapers {
	font-size: 10pt;
	list-style-type: square;
}

#titleHeader a:link{ color: white; }
#titleHeader a:visited{ color: white; }
#titdiv a:link{ color: white; }
#titdiv a:visited{ color: white; }

#maindiv a:link{ color: #666; }
#maindiv a:visited{ color: #600; }

.t0 { color: #000;}
.t1 { color: #C00;}
.t2 { color: #0C0;}
.t3 { color: #00C;}
.t4 { color: #AA0;}
.t5 { color: #C0C;}
.t6 { color: #0CC;}

.topicchoice {
	border: 2px solid black;
	border-radius: 10px;
	padding: 4px;
	cursor: pointer;
	text-decoration: underline;
}

#explanation {
	background-color: #f7a76f;
	border-radius: 5px;
	color: black;
	padding: 5px;
	text-align: center;
	font-weight: bold;
}

#sortoptions {
	text-align: center;
	padding: 20px;
}

.sim {
	cursor: pointer;
	text-decoration: underline;
}

.abstr {
	cursor: pointer;
	text-decoration: underline;
}

.abstrholder {
	background-color: #DFD;
	border: 1px solid #BDB;
	font-size: 12px;
	padding: 10px;
	border-radius: 5px;
	display: none; /* so that these are hidden initially */
	margin-bottom: 5px;
}
</style>

<!-- <script src="http://code.jquery.com/jquery-1.10.2.min.js"></script> -->
<script src="../../jquery-1.10.2.min.js"></script>
<script>

// this line below will get filled in with database of LDA topic distributions for top words
// for every paper
LOADDISTS

// this will be filled with pairwise scores between papers
var pairdists = [[0.9999999999999987, 0.06555626817970514, 0.0477416079003209, 0.027565032749574517, 0.049219127710930594, 0.037250693286579414, 0.039932910576786315, 0.018820402451619804, 0.029386225086824536, 0.020654938613831546, 0.061765564524661976, 0.2671832577516079, 0.03770625846549881, 0.11046130137640259, 0.01996363464889675, 0.035611224427302135, 0.02697752500359768, 0.05207487164876544, 0.031872604889436315, 0.027247973850626182, 0.03153952675698096, 0.060923746243390725, 0.12245290818003139, 0.11888601819266813, 0.0768620389444813, 0.015147335101592628, 0.05273084351181459, 0.026992198213444486, 0.02703533578132296, 0.02436801030297376, 0.06254924283194177, 0.0349639773043842, 0.0349639773043842, 0.04418584758724276, 0.03777910202647901, 0.03423233551045275, 0.017588754197769126, 0.03472875318602703, 0.035920291473505964, 0.0518130959275168, 0.07711352856063182, 0.036231562356865275, 0.04584916825453506, 0.024509353548605582, 0.01611110188559182, 0.05296733974659004, 0.04136320763465753, 0.05557755802407493, 0.02470552298604474, 0.043536843455244945, 0.033139099990901345, 0.05969327254539682, 0.03802197713897967, 0.028133278934708947, 0.03877444428175714, 0.054077573472212814, 0.04443973312210728, 0.056095133490526417, 0.06796538453609585, 0.024802674068177006, 0.03604208828802143, 0.03183815020779615, 0.04787091828107738, 0.06877498555668263], [0.06555626817970514, 1.0000000000000004, 0.1702804456965479, 0.04471362505497227, 0.08177964120251693, 0.03401786749712063, 0.05539181283517275, 0.03898830782834076, 0.042383105621597666, 0.019393989051032103, 0.06778958391657397, 0.06904241381781029, 0.07018430206875277, 0.07966209621930981, 0.02973777227018412, 0.027119784446771357, 0.03476517561989989, 0.21189166719512043, 0.04492821211712349, 0.058025692995929745, 0.032708866032676275, 0.02836109314483234, 0.06078129125148239, 0.060429594650727954, 0.06859367354171225, 0.0333650784347108, 0.05343376934331857, 0.04325424707679067, 0.0530658814782069, 0.024760159344626685, 0.060993440841613816, 0.0543517529988611, 0.0543517529988611, 0.07486256276752917, 0.07161832437817381, 0.026183378720264446, 0.060289361885908985, 0.04055073112383904, 0.10445597040891379, 0.06873384307378662, 0.07517741396617558, 0.04996168512858383, 0.058083547513474845, 0.08193385175658838, 0.020134123128109877, 0.038131192324538286, 0.04103248440733248, 0.04967407557542951, 0.048363828090611, 0.08028680227663154, 0.04505467513716381, 0.07066903816297185, 0.07018727985332698, 0.059652824361372314, 0.06244717237838789, 0.027224202277441226, 0.04134605863664035, 0.20251226689803836, 0.0972752151790012, 0.04808662732489635, 0.05492551315602043, 0.08939253945017969, 0.059795592516184465, 0.04063972681569597], [0.0477416079003209, 0.1702804456965479, 1.0000000000000004, 0.12559735882596093, 0.0595396973478894, 0.04026932023856263, 0.05648216415741568, 0.0614547314005288, 0.028175779189253784, 0.03137346814360028, 0.04478718277067076, 0.09712582949054814, 0.0520652727510028, 0.074988977518503, 0.014969984306897135, 0.07670030180584463, 0.04087951876420095, 0.037952365359762374, 0.014674228692976476, 0.037758604105570796, 0.02990951053138086, 0.02792723860225672, 0.11975338269320454, 0.038244736038394594, 0.13986397165899578, 0.018869020085397953, 0.011766167108902777, 0.022253234863151013, 0.04846166057677739, 0.035804421484065284, 0.07581488915456487, 0.029809539780145222, 0.029809539780145222, 0.020548324345612386, 0.02539484537681865, 0.022924714361028255, 0.042875770955053016, 0.07288579223211587, 0.024719093758076138, 0.07635511122930363, 0.04374547218556546, 0.07198224626914641, 0.02588979964106554, 0.08462512130550581, 0.02755120880001818, 0.11953654598845861, 0.02799566674409583, 0.19719269871974776, 0.06440085396673993, 0.06555046943977585, 0.027263339401893214, 0.06788132756949539, 0.022238068765383374, 0.06288536300379713, 0.026072661957103282, 0.020288730982940928, 0.024803312964826442, 0.04472578797042232, 0.024106642947982163, 0.02305596475352343, 0.033538057327888345, 0.048122738121587044, 0.07683205877867616, 0.04737029502560892], [0.027565032749574517, 0.04471362505497227, 0.12559735882596093, 0.9999999999999998, 0.05110040534415302, 0.044709400193978864, 0.057488527265785, 0.08314896677444905, 0.03940629565096135, 0.0165343089354847, 0.044400614718214285, 0.03034391917932432, 0.026295187912140583, 0.052144828125114784, 0.02698844376688743, 0.11042389137756684, 0.04798153499183294, 0.020230234525170906, 0.03376291892838411, 0.02533584945009004, 0.023600690064151573, 0.019016569585370863, 0.07224558662338801, 0.033900157189408954, 0.14383812529543358, 0.04198680426674686, 0.034886760272888284, 0.03333116837661217, 0.06639156691558878, 0.04804626797397887, 0.06252327937989358, 0.02650699602714172, 0.02650699602714172, 0.018448050491958086, 0.026536330283734366, 0.02612526814413018, 0.047285839577342635, 0.021721615750293896, 0.015673567044782517, 0.05503383847341997, 0.03909141614310294, 0.07999057994935857, 0.016263722301787215, 0.028017682907674802, 0.040168280072010426, 0.08683177169187456, 0.05877056823222174, 0.11687571318853274, 0.0283428000615655, 0.050421418006799376, 0.054320832185764126, 0.05624661897819154, 0.03748314523824042, 0.054510149796723674, 0.018541022363126755, 0.09238765383164135, 0.03923244065479186, 0.022745397962836648, 0.02513934650871328, 0.03410572865645615, 0.04487055707136648, 0.03584127356126229, 0.05609712871547298, 0.03286832597091739], [0.049219127710930594, 0.08177964120251693, 0.0595396973478894, 0.05110040534415302, 1.0, 0.02054825340424661, 0.022627241761412845, 0.02265951787502553, 0.017858171701498622, 0.012942306609639508, 0.026589490842705246, 0.0419188218488646, 0.04309024542124265, 0.06136565679129744, 0.01570835018866945, 0.05826001719002758, 0.027970106154251898, 0.06142751778228449, 0.03192838093500443, 0.030736284138617072, 0.022559994891309477, 0.060631501743093036, 0.055454958298327355, 0.017899950012300606, 0.12040526143206008, 0.023946254143350602, 0.028876073203438452, 0.013717792723015224, 0.08231428922987806, 0.019944230395687226, 0.05829360103639266, 0.021075214178244185, 0.021075214178244185, 0.03190510269562756, 0.03524841291025532, 0.029227795547211333, 0.01882009462180977, 0.020604365772398672, 0.014249047564620448, 0.037416502459548875, 0.052720529961591954, 0.046638323266691185, 0.01840557866463921, 0.03586196605658889, 0.029135113596034573, 0.029859478954920325, 0.027363311395259417, 0.1256983350379565, 0.03073730526737399, 0.0547304942002811, 0.02165424399057478, 0.03427410991175134, 0.020835931453094255, 0.037155448475048855, 0.01464925557506995, 0.03269040845878776, 0.02444004869744798, 0.05163262624840194, 0.04446298866589447, 0.03432893368879007, 0.03761112718163499, 0.04666469261538562, 0.05251770051248166, 0.03729553051302175], [0.037250693286579414, 0.03401786749712063, 0.04026932023856263, 0.044709400193978864, 0.02054825340424661, 1.0000000000000013, 0.3516091372581826, 0.05012440000230255, 0.020750632434005677, 0.017548988775591867, 0.16440964692785662, 0.03823841075933012, 0.018962000925373448, 0.06703056561918129, 0.03046209169461074, 0.02454251922706961, 0.09428318955711337, 0.0652504215736178, 0.08170819180848012, 0.032724296816923876, 0.057952882450808624, 0.03676334732007919, 0.18137214956496076, 0.033607839801835106, 0.0302365378658552, 0.02732790110829199, 0.026680584072772767, 0.023756262709420307, 0.02978110614819502, 0.03740354842942361, 0.06227741964662785, 0.0189660445944348, 0.0189660445944348, 0.025557518323812478, 0.07034625057340671, 0.042476378677289484, 0.031369198565694326, 0.023801769756332504, 0.018644081251324787, 0.1067324942593146, 0.025323991957778548, 0.03902854599109848, 0.023180591553059383, 0.07245603886532251, 0.03926263943366718, 0.11957669338159392, 0.03725892884331256, 0.022851411944865715, 0.027267683090485106, 0.014158471719806935, 0.07840833589585325, 0.04608200029598056, 0.08208620126939008, 0.059156995048982516, 0.03296051757737706, 0.019863736353375183, 0.025089701798336264, 0.035864494231465205, 0.03463830772811417, 0.03102753322686858, 0.047698202544562106, 0.03586900289028047, 0.0705660001377779, 0.13316897278083262], [0.039932910576786315, 0.05539181283517275, 0.05648216415741568, 0.057488527265785, 0.022627241761412845, 0.3516091372581826, 1.0000000000000002, 0.05264748733620686, 0.06559630637721378, 0.017867481085948052, 0.355331705850939, 0.060385224738965335, 0.019611080940399594, 0.060412449090072526, 0.025932979409289503, 0.01967968243563943, 0.05883046497168256, 0.019553163981320003, 0.11767969475840669, 0.026998499451401987, 0.022414533759734567, 0.021349231056323394, 0.09523893555840574, 0.03258284704867738, 0.02628856311386918, 0.02758219467536338, 0.050570275761098855, 0.014293081150619747, 0.03821524934156394, 0.023159069226482854, 0.055589145309344126, 0.035544952924312395, 0.035544952924312395, 0.04969492679132617, 0.056791635341526786, 0.020070715681285413, 0.040477778473428844, 0.03170863291913504, 0.014114120436609789, 0.08037783213329636, 0.029106859706803753, 0.05224377417810401, 0.025572131039220146, 0.039264401491165744, 0.030055649891524844, 0.12937246478208103, 0.05912173090916984, 0.022165970562577637, 0.0464539311717258, 0.014622196107816073, 0.08194472498495617, 0.05205195458147151, 0.08140380649782264, 0.05278277317812861, 0.035470462265873914, 0.1063165178184681, 0.0487504609135023, 0.02694596739716469, 0.02324275793473086, 0.03483562161905697, 0.03656102150976952, 0.03418682635963198, 0.08132106281069418, 0.13118475289226075], [0.018820402451619804, 0.03898830782834076, 0.0614547314005288, 0.08314896677444905, 0.02265951787502553, 0.05012440000230255, 0.05264748733620686, 1.0000000000000036, 0.03251619423925348, 0.021206456762171914, 0.029541229789037227, 0.03619788734366275, 0.02040463440300737, 0.04017996974077905, 0.11317665837506255, 0.040404999745652204, 0.032739321546342626, 0.03235397384808953, 0.12275143102126089, 0.08545909464215379, 0.07972729716732624, 0.02352680634033117, 0.03302327364693311, 0.036008907238454194, 0.03138079311032843, 0.10443893672396504, 0.055472973803004214, 0.019720083180918717, 0.02530130310452576, 0.04309869232197007, 0.06370344455668835, 0.04296817368067861, 0.04296817368067861, 0.04940044461091406, 0.052342441628659954, 0.09997093518600395, 0.01790935628327546, 0.024765202483911532, 0.010947583635600174, 0.02448416378325568, 0.05842433350005024, 0.06526674629534647, 0.01913795883007096, 0.07024872779467409, 0.031709417388513184, 0.06055126923854976, 0.07596763848539373, 0.08084141794398042, 0.019398729199757995, 0.021988125760491466, 0.031199170757029937, 0.08166841941637873, 0.024792954514500094, 0.08222832827404747, 0.00925603245744399, 0.04033921656212948, 0.055524520540396645, 0.019522237369188372, 0.02465090490567362, 0.0477050159716535, 0.03278375081903878, 0.047378129351197396, 0.09752015692325146, 0.08508676173519711], [0.029386225086824536, 0.042383105621597666, 0.028175779189253784, 0.03940629565096135, 0.017858171701498622, 0.020750632434005677, 0.06559630637721378, 0.03251619423925348, 0.9999999999999997, 0.01023459781499738, 0.1391463041869324, 0.034154397397693784, 0.018415392184024562, 0.024493646765641936, 0.031194313717420732, 0.008573230510966937, 0.03796176465452763, 0.012145293095834663, 0.04616253715294032, 0.02615267997264941, 0.016497214298210904, 0.02100832368882656, 0.01288284329544508, 0.018595727894928644, 0.02164093168504754, 0.031843656692552444, 0.04581735413247175, 0.015219904484551117, 0.020353385894309645, 0.03620137872881469, 0.05995215685327129, 0.047372623730812996, 0.047372623730812996, 0.024728840609564637, 0.04364523812029307, 0.011373222450717944, 0.0336134386062012, 0.02873911380633605, 0.026604142966264337, 0.02342343028135557, 0.02130852097477281, 0.03891036940556201, 0.016593286589523706, 0.03438926019845083, 0.022886073003676087, 0.06508289612105946, 0.07526209474281172, 0.013542003558270666, 0.011992966426008687, 0.01897796671546583, 0.021770688845838854, 0.03510193884375187, 0.5241534007331384, 0.060301566187582235, 0.01960271847636295, 0.02927499024420694, 0.03913617371596431, 0.01595345165550701, 0.030555911427592935, 0.01063897350890493, 0.01883091596749705, 0.022264523295465494, 0.07279448995767301, 0.06068366402932779], [0.020654938613831546, 0.019393989051032103, 0.03137346814360028, 0.0165343089354847, 0.012942306609639508, 0.017548988775591867, 0.017867481085948052, 0.021206456762171914, 0.01023459781499738, 1.0000000000000018, 0.015924297257682442, 0.02745725713679893, 0.013419871334574882, 0.024367812178514393, 0.012395864129346446, 0.009556883226443793, 0.013513929582465858, 0.03155092865283927, 0.019571057142432503, 0.00616990516799759, 0.12570719068039957, 0.018466282048678007, 0.026167684682221606, 0.012636469475667753, 0.020640017140262312, 0.00927899944871586, 0.007807212883382905, 0.008603805195276808, 0.020214196203564086, 0.01678452142799369, 0.03460013414646301, 0.01159676870413768, 0.01159676870413768, 0.019697622743589435, 0.00961604004363503, 0.016874298804966555, 0.008199757926152315, 0.01248923236100602, 0.007559145244740212, 0.015009321887421274, 0.01180405796163541, 0.020195732201250927, 0.009679069441660238, 0.07171347589299916, 0.012746022078784437, 0.019341034357618195, 0.014620713794947116, 0.00877332495903593, 0.055595782858658, 0.00999655678155724, 0.016368938431999203, 0.022785621201851302, 0.00995083935060517, 0.022335548454395705, 0.010127508771147261, 0.06516849220827374, 0.019525284656224235, 0.012292992086767658, 0.014043625240486692, 0.01180382484102463, 0.03613622461141962, 0.014313008399893601, 0.052613771765102124, 0.021260799824096434], [0.061765564524661976, 0.06778958391657397, 0.04478718277067076, 0.044400614718214285, 0.026589490842705246, 0.16440964692785662, 0.355331705850939, 0.029541229789037227, 0.1391463041869324, 0.015924297257682442, 1.0, 0.11636229449871338, 0.05156090582973699, 0.03239950960869882, 0.03679792812954012, 0.023691453689826766, 0.07543246257828981, 0.03517845464264942, 0.12396222865953072, 0.11648796667609462, 0.03538177067159434, 0.03301555358209492, 0.06985025656499003, 0.037255107438726835, 0.03843690590589799, 0.016973547506214968, 0.025163620851376002, 0.03453911505826357, 0.02975914518032864, 0.025475933066998954, 0.05790142426137267, 0.03705130261195152, 0.03705130261195152, 0.019468925795200043, 0.02965740071266019, 0.03146926509697186, 0.055907584018249606, 0.030640928546292186, 0.027012597240132236, 0.062392486911448324, 0.08199378783353461, 0.08497866851244035, 0.032603896188187396, 0.03410688978209912, 0.04210507698606208, 0.15578272798418352, 0.054783820431484956, 0.03017922894214531, 0.029763210837184667, 0.04701746310150709, 0.08704754294785233, 0.04924345868657387, 0.18862460739408066, 0.11468004250688255, 0.041077848262832534, 0.04806789267752058, 0.06966523552956927, 0.043338138695960884, 0.034623391021858727, 0.03077513144334823, 0.03242728580537187, 0.030911857292878327, 0.10068576477503682, 0.14264951438543455], [0.2671832577516079, 0.06904241381781029, 0.09712582949054814, 0.03034391917932432, 0.0419188218488646, 0.03823841075933012, 0.060385224738965335, 0.03619788734366275, 0.034154397397693784, 0.02745725713679893, 0.11636229449871338, 0.9999999999999998, 0.0556529703754122, 0.07524526164681258, 0.022268218683801137, 0.03965506588072579, 0.01846937396932994, 0.06559619558729762, 0.028088658606610535, 0.03138209360375637, 0.030889101827737235, 0.06498093551544107, 0.09405354406372199, 0.04644696397543978, 0.07876933495491165, 0.014949445167335682, 0.01805699046118233, 0.021067436900419727, 0.03862081671383542, 0.01386614677372791, 0.07266248457139596, 0.02677465297843693, 0.02677465297843693, 0.02001252841845378, 0.02716720139752493, 0.023318792105857203, 0.028390192686017918, 0.04801658313898598, 0.0282540517737562, 0.0425701095722439, 0.053167409073497304, 0.05644077026069, 0.04692697343326925, 0.03424172276546699, 0.019043616110559332, 0.09617465863781934, 0.04116467876328533, 0.05125585032913501, 0.026509585060743066, 0.06207663279988966, 0.02726711916085866, 0.13617465171633958, 0.03498634352684077, 0.021845613170483582, 0.04311222484647642, 0.09661613025713944, 0.08481282264522755, 0.056501270123780235, 0.052302977515665296, 0.02391242875637968, 0.04446747668653754, 0.03443728908737792, 0.05115519287471357, 0.043192005020718384], [0.03770625846549881, 0.07018430206875277, 0.0520652727510028, 0.026295187912140583, 0.04309024542124265, 0.018962000925373448, 0.019611080940399594, 0.02040463440300737, 0.018415392184024562, 0.013419871334574882, 0.05156090582973699, 0.0556529703754122, 1.0000000000000009, 0.034831591083232846, 0.02348968461060455, 0.06781722582280858, 0.01857628797787849, 0.058334679107437504, 0.013064893036973368, 0.026818560800405174, 0.04462610890004448, 0.04842834581352018, 0.039742126980444235, 0.025270156625159416, 0.1342379325552792, 0.00945642089408812, 0.010058689797520603, 0.02092920625430512, 0.026194162324396683, 0.01222122734427274, 0.04370490088826826, 0.10289972343568514, 0.10289972343568514, 0.011323928670723318, 0.021592279264457198, 0.011975015158716715, 0.019303821653367033, 0.03343504888566997, 0.38011150889564616, 0.028414969544571504, 0.036556020913039985, 0.027044294939245955, 0.20800542679151218, 0.01359915266348344, 0.010833166655432413, 0.03406967580677442, 0.03403695245082268, 0.03423544499764729, 0.030403681514803348, 0.026794484611672394, 0.04268384701880101, 0.031002971963427634, 0.030164885245625356, 0.01876888394729195, 0.017711008472056006, 0.013278692379199927, 0.0233900442691551, 0.17306210103703512, 0.07213498756046482, 0.021376935389758767, 0.03195759543687976, 0.030279589591819898, 0.05909273258357835, 0.03426584176979608], [0.11046130137640259, 0.07966209621930981, 0.074988977518503, 0.052144828125114784, 0.06136565679129744, 0.06703056561918129, 0.060412449090072526, 0.04017996974077905, 0.024493646765641936, 0.024367812178514393, 0.03239950960869882, 0.07524526164681258, 0.034831591083232846, 0.9999999999999988, 0.045978689027921425, 0.042017559876732155, 0.07545156514097598, 0.056638546505569216, 0.031385595585314716, 0.016778184274304553, 0.023073505478167316, 0.039004675352644, 0.18761861873565572, 0.11247158631110019, 0.05258493078801606, 0.043878427634342555, 0.03954997177163361, 0.020064036119231292, 0.03217408892525679, 0.0644318127046145, 0.06203934745708821, 0.017492501181600624, 0.017492501181600624, 0.04693181697814598, 0.07345129597940009, 0.05710242298607212, 0.02450916091826294, 0.034530647636926065, 0.028553027933491612, 0.10515554333361082, 0.020343805960599558, 0.06191285932257279, 0.03229529796278729, 0.06568778920041884, 0.015273447158148983, 0.12116720449139289, 0.05593586021264342, 0.03848614966220995, 0.07470962560610558, 0.018163620900138885, 0.05768891743770358, 0.08810474255916301, 0.02494639395198562, 0.0973289493469286, 0.02605941788751575, 0.028515811692855345, 0.030980855549444502, 0.03407228100134723, 0.043669439417139, 0.06348283172798855, 0.07439743760892588, 0.0809155662302513, 0.042149246003945304, 0.04507499351342959], [0.01996363464889675, 0.02973777227018412, 0.014969984306897135, 0.02698844376688743, 0.01570835018866945, 0.03046209169461074, 0.025932979409289503, 0.11317665837506255, 0.031194313717420732, 0.012395864129346446, 0.03679792812954012, 0.022268218683801137, 0.02348968461060455, 0.045978689027921425, 1.0000000000000004, 0.015048439549355516, 0.040788448218521706, 0.017434644546027313, 0.08350011712359334, 0.01601926029561543, 0.07597160032357785, 0.012538532476758117, 0.0158144697354793, 0.030427692758340896, 0.019514321455978277, 0.06831953611240077, 0.05310038290397442, 0.015724045827109238, 0.013186493998016437, 0.03596106980581104, 0.03897203644146066, 0.022884052692773965, 0.022884052692773965, 0.028531971872282718, 0.054296519794866466, 0.07134945516648881, 0.01708044696396037, 0.01245456854764897, 0.012651790294393828, 0.059538876978063926, 0.01827046201855103, 0.05680672350740815, 0.03499092881547203, 0.05814357804917341, 0.019586061799637584, 0.07991249788789215, 0.05202227107067532, 0.01862651436968369, 0.012575188460815637, 0.013840906935172313, 0.026637033253394102, 0.0738612327058687, 0.021763340157046535, 0.06601765176498639, 0.009221362850805954, 0.03839032541424951, 0.19071869195883198, 0.012363383039555594, 0.013188716489003834, 0.0481750059170089, 0.027523387343298445, 0.06728225196959851, 0.06959456421981394, 0.020999927543491538], [0.035611224427302135, 0.027119784446771357, 0.07670030180584463, 0.11042389137756684, 0.05826001719002758, 0.02454251922706961, 0.01967968243563943, 0.040404999745652204, 0.008573230510966937, 0.009556883226443793, 0.023691453689826766, 0.03965506588072579, 0.06781722582280858, 0.042017559876732155, 0.015048439549355516, 1.0000000000000007, 0.022623895785871886, 0.04725852139590957, 0.012193918956881995, 0.0448338717763144, 0.019062503531732077, 0.06938935964954722, 0.10460804912600583, 0.013827732997366182, 0.1736140858431311, 0.02030252767344727, 0.012436623134625745, 0.009013708094824142, 0.03438579197777286, 0.017978380250282144, 0.041044394797535584, 0.01661297289150662, 0.01661297289150662, 0.028644100704377486, 0.021297930756198614, 0.031219582174253364, 0.12426495509672131, 0.023759704852834775, 0.01030182162808926, 0.03615110332275864, 0.06157161045998953, 0.06638512951983168, 0.02205728581366212, 0.018111950623128776, 0.028879985976196218, 0.022583063763936345, 0.04200269930799157, 0.12630245960405986, 0.03623689748210426, 0.07103854610509769, 0.019177020231139416, 0.05232202500741179, 0.0129051151146687, 0.0468230237629683, 0.006557141750149117, 0.023723195184685783, 0.015865994094811958, 0.01874811823973671, 0.024951981036107997, 0.020842881858178196, 0.019787519572237705, 0.03229078090825466, 0.025308973939722968, 0.04058640508809215], [0.02697752500359768, 0.03476517561989989, 0.04087951876420095, 0.04798153499183294, 0.027970106154251898, 0.09428318955711337, 0.05883046497168256, 0.032739321546342626, 0.03796176465452763, 0.013513929582465858, 0.07543246257828981, 0.01846937396932994, 0.01857628797787849, 0.07545156514097598, 0.040788448218521706, 0.022623895785871886, 1.0000000000000022, 0.028512485047633478, 0.1497450629109268, 0.014537299829009996, 0.03941871682471966, 0.02780214496585303, 0.06286469550454132, 0.020736108243322292, 0.01976488708574102, 0.017961624818509485, 0.018337472513947742, 0.017136352131442868, 0.020421858980722702, 0.0365263434011632, 0.048977304243553746, 0.01650409100169002, 0.01650409100169002, 0.03818814023484969, 0.062308211687282386, 0.02438043786692413, 0.03950472042500448, 0.016405748934585827, 0.019396966440867643, 0.15507291217300584, 0.022475811004167272, 0.0368972950481654, 0.014259615423047127, 0.027474112313092033, 0.046787867467216034, 0.28519848445431634, 0.026002757212133448, 0.01799504110257678, 0.06026682846361811, 0.016532218922962767, 0.0345036246761783, 0.04293032100174539, 0.16776595888253723, 0.031815741262656766, 0.017802320532811576, 0.02334432780070996, 0.09866206187119944, 0.012705709217336918, 0.022255895108154407, 0.0327377125525005, 0.09930512804594044, 0.02388186790886026, 0.15484664663889447, 0.2690629231577265], [0.05207487164876544, 0.21189166719512043, 0.037952365359762374, 0.020230234525170906, 0.06142751778228449, 0.0652504215736178, 0.019553163981320003, 0.03235397384808953, 0.012145293095834663, 0.03155092865283927, 0.03517845464264942, 0.06559619558729762, 0.058334679107437504, 0.056638546505569216, 0.017434644546027313, 0.04725852139590957, 0.028512485047633478, 1.0, 0.03470398993548026, 0.01908351909263065, 0.17797182948942353, 0.062432152533643884, 0.03576067583387458, 0.013528416814038251, 0.04940739852344415, 0.03892652935311938, 0.024265469958556093, 0.010318755493340314, 0.02955441162332891, 0.04407454063399365, 0.06691816411538118, 0.031149936202513225, 0.031149936202513225, 0.03563843224617613, 0.03002122239468955, 0.029067491096853935, 0.053290855108752616, 0.021167094606356834, 0.08839160603770418, 0.04564696322597068, 0.03731164848702721, 0.03710713406211888, 0.021544335971336766, 0.01931376521250499, 0.02585109935987103, 0.034242123464083535, 0.035234453991341695, 0.04512869427773972, 0.02452590049063922, 0.029344770208894026, 0.020851831844952606, 0.034621628585584346, 0.02651932726205323, 0.02971690131193996, 0.012065272382067442, 0.028764584131826563, 0.04951307284983078, 0.09183937487370544, 0.09982828779890235, 0.027784382716601927, 0.03848372738909837, 0.03337428170262012, 0.07727699391588985, 0.0350347477005709], [0.031872604889436315, 0.04492821211712349, 0.014674228692976476, 0.03376291892838411, 0.03192838093500443, 0.08170819180848012, 0.11767969475840669, 0.12275143102126089, 0.04616253715294032, 0.019571057142432503, 0.12396222865953072, 0.028088658606610535, 0.013064893036973368, 0.031385595585314716, 0.08350011712359334, 0.012193918956881995, 0.1497450629109268, 0.03470398993548026, 1.0000000000000022, 0.025600369178271933, 0.16565634667898596, 0.03807142688181457, 0.015265378757668771, 0.03469776630684088, 0.019827108260623262, 0.055869491301937205, 0.05133701961149764, 0.01622489950905491, 0.03971560203116443, 0.03588186646664321, 0.05106831387339384, 0.054549093385519415, 0.054549093385519415, 0.05462444828906729, 0.03613492722360764, 0.22914788657410173, 0.03187902590921768, 0.021046914224320243, 0.01620549761943692, 0.08459131894464131, 0.02237278141401861, 0.06084012395303176, 0.016901676142637666, 0.06042850170037663, 0.06893002421879868, 0.2000568736725742, 0.07648082984974118, 0.03050508598763722, 0.03237297006605923, 0.013555450788953958, 0.10532820304249514, 0.03656485111421671, 0.1707392441118914, 0.05256793875693778, 0.017799810918150027, 0.027401839428918905, 0.06848410984235793, 0.020874850697814654, 0.020445655450636264, 0.14796459911007753, 0.04939006244312327, 0.042439314174483, 0.2885325963503431, 0.25050955387542045], [0.027247973850626182, 0.058025692995929745, 0.037758604105570796, 0.02533584945009004, 0.030736284138617072, 0.032724296816923876, 0.026998499451401987, 0.08545909464215379, 0.02615267997264941, 0.00616990516799759, 0.11648796667609462, 0.03138209360375637, 0.026818560800405174, 0.016778184274304553, 0.01601926029561543, 0.0448338717763144, 0.014537299829009996, 0.01908351909263065, 0.025600369178271933, 1.0000000000000002, 0.03179578165653581, 0.01740960966695977, 0.024352982315543788, 0.029591497675602846, 0.046604487743189114, 0.02323254434071831, 0.010018025108262992, 0.03322128425619575, 0.03402925863087845, 0.020652604886813156, 0.026980226650188385, 0.009630674565429207, 0.009630674565429207, 0.0068918832102214545, 0.011639145281930954, 0.014507219515293018, 0.06123225127047195, 0.03181064673843653, 0.011846264612523846, 0.019771873589175752, 0.48713287929322435, 0.06351033702699825, 0.026432533410131916, 0.020038090882015885, 0.04548887249405769, 0.06981524957039728, 0.024560087831890755, 0.03371721250399884, 0.018078943674085465, 0.17201146325187283, 0.03765671304253096, 0.03041879168118415, 0.024388591102303635, 0.02661735963789943, 0.017763971599204842, 0.01679307541898159, 0.056072094411830684, 0.04866599464838691, 0.027714657037659404, 0.02414113912562409, 0.017977015817650814, 0.030038657203281142, 0.029664848159406135, 0.0649615624053707], [0.03153952675698096, 0.032708866032676275, 0.02990951053138086, 0.023600690064151573, 0.022559994891309477, 0.057952882450808624, 0.022414533759734567, 0.07972729716732624, 0.016497214298210904, 0.12570719068039957, 0.03538177067159434, 0.030889101827737235, 0.04462610890004448, 0.023073505478167316, 0.07597160032357785, 0.019062503531732077, 0.03941871682471966, 0.17797182948942353, 0.16565634667898596, 0.03179578165653581, 0.9999999999999994, 0.015996755115930964, 0.03268096346828758, 0.03183584392062709, 0.040065351022269664, 0.01179527658357854, 0.03516750570708256, 0.04068044341271243, 0.045957381682095934, 0.02082490059478875, 0.07938336608655824, 0.06977327464813732, 0.06977327464813732, 0.012406677491844646, 0.013239231007978863, 0.1397273370974082, 0.016650966527493392, 0.008896811446905968, 0.01246393358449287, 0.018969139872593264, 0.046821240142455985, 0.07534608043794506, 0.0337085245860776, 0.005099898711188281, 0.01674773170818827, 0.02015774825610502, 0.017384807172127398, 0.019221987525983794, 0.01648766613083199, 0.01983833732247478, 0.14244908180895366, 0.027054866983294706, 0.018204248148056337, 0.03382010382241679, 0.02933351012942164, 0.06640857805324511, 0.14769971507654242, 0.06286014197291734, 0.011831931852124172, 0.05281278985014662, 0.03921086691560071, 0.03323673192583472, 0.17535600927557163, 0.026758827559944246], [0.060923746243390725, 0.02836109314483234, 0.02792723860225672, 0.019016569585370863, 0.060631501743093036, 0.03676334732007919, 0.021349231056323394, 0.02352680634033117, 0.02100832368882656, 0.018466282048678007, 0.03301555358209492, 0.06498093551544107, 0.04842834581352018, 0.039004675352644, 0.012538532476758117, 0.06938935964954722, 0.02780214496585303, 0.062432152533643884, 0.03807142688181457, 0.01740960966695977, 0.015996755115930964, 1.0000000000000002, 0.04135543865817985, 0.018567466369093667, 0.058143079052257636, 0.018681596200368942, 0.014516840238454317, 0.016128865496558842, 0.056314814164978966, 0.013589798177686237, 0.06714800874739361, 0.02976442596832741, 0.02976442596832741, 0.009470370527773083, 0.022275243680581508, 0.01840185898642279, 0.02317163651792245, 0.05932519611870154, 0.02194548239777634, 0.057593985991143265, 0.04157563018850892, 0.0211079913979687, 0.03963968843013968, 0.02659094194250832, 0.059874914837727666, 0.02806394971835876, 0.03377507061914725, 0.026294973684285416, 0.03687141118583021, 0.024816612945678627, 0.021604835413740486, 0.022059836027301438, 0.022009013633126455, 0.0211983837111328, 0.018296194615402876, 0.030515719022260097, 0.02647203774002689, 0.022292327903142388, 0.18387304679352723, 0.022003626184694217, 0.024027161952061483, 0.028100646043161905, 0.08306674129442657, 0.10726776447590486], [0.12245290818003139, 0.06078129125148239, 0.11975338269320454, 0.07224558662338801, 0.055454958298327355, 0.18137214956496076, 0.09523893555840574, 0.03302327364693311, 0.01288284329544508, 0.026167684682221606, 0.06985025656499003, 0.09405354406372199, 0.039742126980444235, 0.18761861873565572, 0.0158144697354793, 0.10460804912600583, 0.06286469550454132, 0.03576067583387458, 0.015265378757668771, 0.024352982315543788, 0.03268096346828758, 0.04135543865817985, 0.9999999999999996, 0.05854208889964926, 0.15539415355601396, 0.019632674590167067, 0.016454467169835035, 0.04938419049997515, 0.034896167069585364, 0.06961317837995652, 0.03732362956014942, 0.02040749974841575, 0.02040749974841575, 0.036440218244882513, 0.03204429763582321, 0.02870172863954947, 0.03884138012237408, 0.04329558290309474, 0.020030576050881235, 0.12734824437601294, 0.0491806982673052, 0.04032222467927585, 0.0431795699073049, 0.028248190575935694, 0.011788369878262778, 0.1671357181951975, 0.029321942443738026, 0.11015398799810325, 0.045818345167501814, 0.054143392071775764, 0.08909494517160246, 0.050134130263382135, 0.032408175326257074, 0.03875230252577708, 0.06927951982482561, 0.02260214839062998, 0.017377740436250323, 0.07101439441097987, 0.05468847883117676, 0.055015080233669286, 0.06761060899131503, 0.03472906390844928, 0.049643166816870615, 0.026138186780329434], [0.11888601819266813, 0.060429594650727954, 0.038244736038394594, 0.033900157189408954, 0.017899950012300606, 0.033607839801835106, 0.03258284704867738, 0.036008907238454194, 0.018595727894928644, 0.012636469475667753, 0.037255107438726835, 0.04644696397543978, 0.025270156625159416, 0.11247158631110019, 0.030427692758340896, 0.013827732997366182, 0.020736108243322292, 0.013528416814038251, 0.03469776630684088, 0.029591497675602846, 0.03183584392062709, 0.018567466369093667, 0.05854208889964926, 1.0000000000000004, 0.05350219823122279, 0.022685478646486543, 0.016846591225521457, 0.17435053341250306, 0.036858484379530786, 0.04441644588362213, 0.05596021021542156, 0.015415456064289363, 0.015415456064289363, 0.01728722927761793, 0.019333314315078932, 0.05035256119937991, 0.02239717555358551, 0.015031456008289376, 0.018665610005232494, 0.030334007873675635, 0.051311189720827134, 0.029237133149755234, 0.039294828329415374, 0.02234773580746298, 0.011927677350674504, 0.029952102693182818, 0.030852177518201983, 0.022131601672741197, 0.1715855681899868, 0.0439851038451307, 0.10023442539659645, 0.08521759616059324, 0.015373750224943361, 0.04200260335780376, 0.02517790917067194, 0.020626653292021756, 0.0399393297818143, 0.047113624215156344, 0.01866316387833094, 0.05461625544315653, 0.032408514086182984, 0.05831483715362255, 0.025672979476045785, 0.02078064828803126], [0.0768620389444813, 0.06859367354171225, 0.13986397165899578, 0.14383812529543358, 0.12040526143206008, 0.0302365378658552, 0.02628856311386918, 0.03138079311032843, 0.02164093168504754, 0.020640017140262312, 0.03843690590589799, 0.07876933495491165, 0.1342379325552792, 0.05258493078801606, 0.019514321455978277, 0.1736140858431311, 0.01976488708574102, 0.04940739852344415, 0.019827108260623262, 0.046604487743189114, 0.040065351022269664, 0.058143079052257636, 0.15539415355601396, 0.05350219823122279, 1.0000000000000013, 0.01721056716786369, 0.035101193272627354, 0.04060361207236477, 0.11426520756518557, 0.020632885585053197, 0.05049686799579736, 0.02311924773471522, 0.02311924773471522, 0.01707226826274038, 0.03088251487118183, 0.023736234661167224, 0.05759018545941522, 0.052818592617660476, 0.022743642166964548, 0.03397840022057394, 0.08898361142558975, 0.06413176634161033, 0.09979591529293452, 0.030403701149669317, 0.052916748016253304, 0.04897225730828014, 0.03180873747199046, 0.4732376865444242, 0.03335299646291647, 0.16395113907723854, 0.05150455429543142, 0.05711330786824223, 0.03615900301299481, 0.04172952146515751, 0.027248489375184395, 0.023240161601640587, 0.0375439245496143, 0.17568090601539876, 0.05234387465845135, 0.05703687850939282, 0.03139436519648929, 0.04135283331009743, 0.041254900610192685, 0.04592013809525342], [0.015147335101592628, 0.0333650784347108, 0.018869020085397953, 0.04198680426674686, 0.023946254143350602, 0.02732790110829199, 0.02758219467536338, 0.10443893672396504, 0.031843656692552444, 0.00927899944871586, 0.016973547506214968, 0.014949445167335682, 0.00945642089408812, 0.043878427634342555, 0.06831953611240077, 0.02030252767344727, 0.017961624818509485, 0.03892652935311938, 0.055869491301937205, 0.02323254434071831, 0.01179527658357854, 0.018681596200368942, 0.019632674590167067, 0.022685478646486543, 0.01721056716786369, 0.9999999999999999, 0.05657980161636262, 0.01819020696180495, 0.022082139777950587, 0.053449150437575865, 0.02819817300540452, 0.0154578037943179, 0.0154578037943179, 0.061844627475216, 0.054658698292260076, 0.0227986942123443, 0.022160779534854916, 0.015068325359553632, 0.013641275076504967, 0.021103780910705583, 0.017823185016838286, 0.06693776384634165, 0.015525815378922368, 0.13994149049650131, 0.016244224647940956, 0.02678316204827827, 0.07025298906018762, 0.03416660408591707, 0.015158195778596527, 0.0168314286681645, 0.03077178327399717, 0.10472363612192341, 0.016506085274677798, 0.18101784191337958, 0.006807447469435012, 0.015445714458353207, 0.04736661541907708, 0.013799795184786773, 0.013363920235530296, 0.019459854923703904, 0.04887545890292286, 0.05542447589039906, 0.03242460644981754, 0.028580366603586274], [0.05273084351181459, 0.05343376934331857, 0.011766167108902777, 0.034886760272888284, 0.028876073203438452, 0.026680584072772767, 0.050570275761098855, 0.055472973803004214, 0.04581735413247175, 0.007807212883382905, 0.025163620851376002, 0.01805699046118233, 0.010058689797520603, 0.03954997177163361, 0.05310038290397442, 0.012436623134625745, 0.018337472513947742, 0.024265469958556093, 0.05133701961149764, 0.010018025108262992, 0.03516750570708256, 0.014516840238454317, 0.016454467169835035, 0.016846591225521457, 0.035101193272627354, 0.05657980161636262, 1.000000000000001, 0.0170497497210802, 0.040011178158066735, 0.02690384196381161, 0.03635021520770419, 0.0176052686670383, 0.0176052686670383, 0.05469770463686808, 0.059473746985932364, 0.038780679624546614, 0.008871168033026868, 0.014035136841573877, 0.015069171227422693, 0.02413015615048123, 0.010882534196282847, 0.06968471568858275, 0.03493159286220837, 0.054027459415157915, 0.01852769894421432, 0.03247917815936595, 0.10274692274100858, 0.017399731446682776, 0.014872769489566616, 0.010301256089106325, 0.03058724090211542, 0.048848192957979514, 0.027678041149445776, 0.05567383052750986, 0.014565343935393589, 0.014541116194274317, 0.05356587011593268, 0.039535664079403725, 0.03046994239400205, 0.025874392994605516, 0.03148354297271552, 0.04365802821714584, 0.051602845046466506, 0.01627144226931775], [0.026992198213444486, 0.04325424707679067, 0.022253234863151013, 0.03333116837661217, 0.013717792723015224, 0.023756262709420307, 0.014293081150619747, 0.019720083180918717, 0.015219904484551117, 0.008603805195276808, 0.03453911505826357, 0.021067436900419727, 0.02092920625430512, 0.020064036119231292, 0.015724045827109238, 0.009013708094824142, 0.017136352131442868, 0.010318755493340314, 0.01622489950905491, 0.03322128425619575, 0.04068044341271243, 0.